white_sea={
	location=1652
	color={
		210 46 28 
	}
	outgoing={
		name="north_sea"
		path={
			1263 1264 1265 1929 1266 1975 
		}
		control={
			3453.000000 1897.000000 3447.000000 1948.000000 3339.000000 1992.000000 3187.000000 2034.000000 3076.000000 1993.000000 2987.000000 1944.000000 2942.000000 1864.000000 2862.000000 1790.000000 2868.000000 1711.000000 2847.000000 1660.000000 
		}
	}
	outgoing={
		name="novgorod"
		path={
			1263 1264 1265 1929 1266 1975 
		}
		control={
			3333.000000 1782.000000 
		}
	}
	members={
		1652 315 1777 1963 2425 2426 4151 1077 1755 1964 4129 1955 4122 4256 4257 313 1776 1958 4258 314 4262 4263 
	}
}